404	494
404	495
404	496
404	498
404	499
405	494
405	495
405	496
405	497
405	498
406	493
406	494
406	495
406	496
406	497
406	498
406	499
407	493
407	494
407	495
407	496
407	497
407	498
407	499
407	500
407	501
407	512
408	494
408	495
408	496
408	497
408	498
408	499
408	500
408	501
408	506
408	509
408	510
408	511
408	512
409	473
409	474
409	476
409	478
409	479
409	494
409	495
409	496
409	497
409	498
409	499
409	500
409	501
409	504
409	505
409	506
409	507
409	508
409	509
409	510
409	511
410	473
410	474
410	475
410	476
410	477
410	478
410	484
410	485
410	486
410	488
410	491
410	494
410	495
410	496
410	497
410	498
410	499
410	500
410	501
410	502
410	503
410	504
410	505
410	506
410	507
410	508
410	509
410	510
410	511
410	512
411	472
411	473
411	474
411	475
411	476
411	477
411	478
411	484
411	485
411	488
411	491
411	492
411	493
411	494
411	495
411	496
411	497
411	498
411	499
411	500
411	501
411	502
411	503
411	504
411	505
411	506
411	507
411	508
411	509
411	510
411	511
411	512
411	526
412	470
412	471
412	472
412	473
412	474
412	475
412	476
412	477
412	483
412	484
412	485
412	486
412	487
412	488
412	489
412	490
412	491
412	492
412	493
412	494
412	495
412	496
412	497
412	498
412	499
412	500
412	501
412	502
412	503
412	504
412	505
412	506
412	507
412	508
412	509
412	510
412	511
412	512
412	513
412	514
412	515
412	516
412	517
412	518
412	519
412	520
412	521
412	522
412	523
412	526
413	471
413	472
413	473
413	474
413	475
413	476
413	483
413	484
413	485
413	486
413	487
413	488
413	489
413	490
413	491
413	492
413	493
413	494
413	495
413	496
413	497
413	498
413	499
413	500
413	501
413	502
413	503
413	504
413	505
413	506
413	507
413	508
413	509
413	510
413	511
413	512
413	513
413	514
413	515
413	516
413	517
413	520
413	521
413	522
413	523
413	525
413	526
413	527
413	528
414	472
414	473
414	474
414	475
414	476
414	477
414	478
414	480
414	484
414	485
414	486
414	487
414	488
414	489
414	490
414	491
414	492
414	493
414	494
414	495
414	496
414	497
414	498
414	499
414	500
414	501
414	502
414	503
414	504
414	505
414	506
414	507
414	508
414	509
414	510
414	511
414	512
414	513
414	514
414	515
414	516
414	519
414	520
414	521
414	522
414	523
414	524
414	525
414	526
414	527
414	528
414	529
414	530
414	531
414	532
415	463
415	464
415	469
415	472
415	473
415	474
415	475
415	476
415	477
415	478
415	479
415	480
415	482
415	483
415	484
415	485
415	486
415	487
415	488
415	489
415	490
415	491
415	492
415	493
415	494
415	495
415	496
415	497
415	498
415	499
415	500
415	501
415	502
415	503
415	504
415	505
415	506
415	507
415	508
415	509
415	510
415	511
415	512
415	513
415	514
415	515
415	516
415	517
415	518
415	519
415	520
415	521
415	522
415	523
415	524
415	525
415	526
415	527
415	528
415	529
415	530
415	532
415	533
415	534
416	463
416	464
416	465
416	466
416	467
416	468
416	469
416	471
416	472
416	473
416	474
416	475
416	476
416	477
416	478
416	479
416	480
416	481
416	482
416	483
416	484
416	485
416	486
416	487
416	488
416	489
416	490
416	491
416	492
416	493
416	494
416	495
416	496
416	497
416	498
416	499
416	500
416	501
416	502
416	503
416	504
416	505
416	506
416	507
416	508
416	509
416	510
416	511
416	512
416	513
416	514
416	515
416	516
416	517
416	518
416	519
416	520
416	521
416	522
416	523
416	524
416	525
416	526
416	527
416	528
416	529
416	530
416	532
416	533
416	534
416	535
416	536
416	538
416	540
416	541
417	457
417	458
417	459
417	460
417	461
417	463
417	464
417	465
417	466
417	467
417	468
417	470
417	471
417	472
417	473
417	474
417	475
417	476
417	477
417	478
417	479
417	480
417	481
417	482
417	483
417	484
417	485
417	486
417	487
417	488
417	489
417	490
417	491
417	492
417	493
417	494
417	495
417	496
417	497
417	498
417	499
417	500
417	501
417	502
417	503
417	504
417	505
417	506
417	507
417	508
417	509
417	510
417	511
417	512
417	513
417	514
417	515
417	516
417	517
417	518
417	519
417	520
417	521
417	522
417	523
417	524
417	525
417	526
417	527
417	528
417	529
417	530
417	531
417	532
417	533
417	534
417	535
417	536
417	538
417	539
417	540
417	541
418	457
418	458
418	459
418	461
418	462
418	463
418	464
418	465
418	466
418	467
418	468
418	469
418	470
418	471
418	472
418	473
418	474
418	475
418	476
418	477
418	478
418	479
418	480
418	481
418	482
418	483
418	484
418	485
418	486
418	487
418	488
418	489
418	490
418	491
418	492
418	493
418	494
418	495
418	496
418	497
418	498
418	499
418	500
418	501
418	502
418	503
418	504
418	505
418	506
418	507
418	508
418	509
418	510
418	511
418	512
418	513
418	514
418	515
418	516
418	517
418	518
418	519
418	520
418	521
418	522
418	523
418	524
418	525
418	526
418	527
418	528
418	529
418	530
418	531
418	532
418	533
418	534
418	535
418	536
418	537
418	538
418	539
418	540
418	541
418	542
418	543
418	544
418	546
418	547
419	458
419	459
419	460
419	461
419	462
419	463
419	464
419	465
419	466
419	467
419	468
419	469
419	470
419	471
419	472
419	473
419	474
419	475
419	476
419	477
419	478
419	479
419	480
419	481
419	482
419	483
419	484
419	485
419	486
419	487
419	488
419	489
419	490
419	491
419	492
419	493
419	494
419	495
419	496
419	497
419	498
419	499
419	500
419	501
419	502
419	503
419	504
419	505
419	506
419	507
419	508
419	509
419	510
419	511
419	512
419	513
419	514
419	515
419	516
419	517
419	518
419	519
419	520
419	521
419	522
419	523
419	524
419	525
419	526
419	527
419	528
419	529
419	530
419	531
419	532
419	533
419	534
419	535
419	536
419	537
419	538
419	539
419	540
419	541
419	542
419	543
419	544
419	545
419	546
419	547
419	548
420	458
420	459
420	460
420	461
420	462
420	463
420	464
420	465
420	466
420	467
420	468
420	469
420	470
420	471
420	472
420	473
420	474
420	475
420	476
420	477
420	478
420	479
420	480
420	481
420	482
420	483
420	484
420	485
420	486
420	487
420	488
420	489
420	490
420	491
420	492
420	493
420	494
420	495
420	496
420	497
420	498
420	499
420	500
420	501
420	502
420	503
420	504
420	505
420	506
420	507
420	508
420	509
420	510
420	511
420	512
420	513
420	514
420	515
420	516
420	517
420	518
420	519
420	520
420	521
420	522
420	523
420	524
420	525
420	526
420	527
420	528
420	529
420	530
420	531
420	532
420	533
420	534
420	535
420	536
420	537
420	538
420	539
420	540
420	541
420	542
420	543
420	544
420	545
420	546
420	547
420	548
421	457
421	458
421	459
421	460
421	461
421	462
421	463
421	464
421	465
421	466
421	467
421	468
421	469
421	470
421	471
421	472
421	473
421	474
421	475
421	476
421	477
421	478
421	479
421	480
421	481
421	482
421	483
421	484
421	485
421	486
421	487
421	488
421	489
421	490
421	491
421	492
421	493
421	494
421	495
421	496
421	497
421	498
421	499
421	500
421	501
421	502
421	503
421	504
421	505
421	506
421	507
421	508
421	509
421	510
421	511
421	512
421	513
421	514
421	515
421	516
421	517
421	518
421	519
421	520
421	521
421	522
421	523
421	524
421	525
421	526
421	527
421	528
421	529
421	530
421	531
421	532
421	533
421	534
421	535
421	536
421	537
421	538
421	539
421	540
421	541
421	542
421	543
421	544
421	545
421	546
421	547
421	548
421	549
422	449
422	450
422	457
422	458
422	459
422	460
422	461
422	462
422	463
422	464
422	465
422	466
422	467
422	468
422	469
422	470
422	471
422	472
422	473
422	474
422	475
422	476
422	477
422	478
422	479
422	480
422	481
422	482
422	483
422	484
422	485
422	486
422	487
422	488
422	489
422	490
422	491
422	492
422	493
422	494
422	495
422	496
422	497
422	498
422	499
422	500
422	501
422	502
422	503
422	504
422	505
422	506
422	507
422	508
422	509
422	510
422	511
422	512
422	513
422	514
422	515
422	516
422	517
422	518
422	519
422	520
422	521
422	522
422	523
422	524
422	525
422	526
422	527
422	528
422	529
422	530
422	531
422	532
422	533
422	534
422	535
422	536
422	537
422	538
422	539
422	540
422	541
422	542
422	543
422	544
422	545
422	546
422	547
422	548
422	549
422	550
422	551
423	445
423	446
423	449
423	450
423	453
423	454
423	455
423	456
423	457
423	458
423	459
423	460
423	461
423	462
423	463
423	464
423	465
423	466
423	467
423	468
423	469
423	470
423	471
423	472
423	473
423	474
423	475
423	476
423	477
423	478
423	479
423	480
423	481
423	482
423	483
423	484
423	485
423	486
423	487
423	488
423	489
423	490
423	491
423	492
423	493
423	494
423	495
423	496
423	497
423	498
423	499
423	500
423	501
423	502
423	503
423	504
423	505
423	506
423	507
423	508
423	509
423	510
423	511
423	512
423	513
423	514
423	515
423	516
423	517
423	518
423	519
423	520
423	521
423	522
423	523
423	524
423	525
423	526
423	527
423	528
423	529
423	530
423	531
423	532
423	533
423	534
423	535
423	536
423	537
423	538
423	539
423	540
423	541
423	542
423	543
423	544
423	545
423	546
423	547
423	548
423	549
423	550
423	551
424	445
424	446
424	447
424	448
424	449
424	450
424	453
424	454
424	456
424	457
424	458
424	459
424	460
424	461
424	462
424	463
424	464
424	465
424	466
424	467
424	468
424	469
424	470
424	471
424	472
424	473
424	474
424	475
424	476
424	477
424	478
424	479
424	480
424	481
424	482
424	483
424	484
424	485
424	486
424	487
424	488
424	489
424	490
424	491
424	492
424	493
424	494
424	495
424	496
424	497
424	498
424	499
424	500
424	501
424	502
424	503
424	504
424	505
424	506
424	507
424	508
424	509
424	510
424	511
424	512
424	513
424	514
424	515
424	516
424	517
424	518
424	519
424	520
424	521
424	522
424	523
424	524
424	525
424	526
424	527
424	528
424	529
424	530
424	531
424	532
424	533
424	534
424	535
424	536
424	537
424	538
424	539
424	540
424	541
424	542
424	543
424	544
424	545
424	546
424	547
424	548
424	549
424	550
425	445
425	446
425	447
425	449
425	450
425	451
425	452
425	453
425	454
425	455
425	456
425	457
425	458
425	459
425	460
425	461
425	462
425	463
425	464
425	465
425	466
425	467
425	468
425	469
425	470
425	471
425	472
425	473
425	474
425	475
425	476
425	477
425	478
425	479
425	480
425	481
425	482
425	483
425	484
425	485
425	486
425	487
425	488
425	489
425	490
425	491
425	492
425	493
425	494
425	495
425	496
425	497
425	498
425	499
425	500
425	501
425	502
425	503
425	504
425	505
425	506
425	507
425	508
425	509
425	510
425	511
425	512
425	513
425	514
425	515
425	516
425	517
425	518
425	519
425	520
425	521
425	522
425	523
425	524
425	525
425	526
425	527
425	528
425	529
425	530
425	531
425	532
425	533
425	534
425	535
425	536
425	537
425	538
425	539
425	540
425	541
425	542
425	543
425	544
425	545
425	546
425	547
425	548
425	549
425	550
425	551
425	552
426	443
426	444
426	445
426	446
426	447
426	448
426	449
426	450
426	451
426	452
426	453
426	454
426	455
426	456
426	457
426	458
426	459
426	460
426	461
426	462
426	463
426	464
426	465
426	466
426	467
426	468
426	469
426	470
426	471
426	472
426	473
426	474
426	475
426	476
426	477
426	478
426	479
426	480
426	481
426	482
426	483
426	484
426	485
426	486
426	487
426	488
426	489
426	490
426	491
426	492
426	493
426	494
426	495
426	496
426	497
426	498
426	499
426	500
426	501
426	502
426	503
426	504
426	505
426	506
426	507
426	508
426	509
426	510
426	511
426	512
426	513
426	514
426	515
426	516
426	517
426	518
426	519
426	520
426	521
426	522
426	523
426	524
426	525
426	526
426	527
426	528
426	529
426	530
426	531
426	532
426	533
426	534
426	535
426	536
426	537
426	538
426	539
426	540
426	541
426	542
426	543
426	544
426	545
426	546
426	547
426	548
426	549
426	550
426	551
426	552
427	443
427	444
427	445
427	446
427	447
427	448
427	449
427	450
427	451
427	452
427	453
427	454
427	455
427	456
427	457
427	458
427	459
427	460
427	461
427	462
427	463
427	464
427	465
427	466
427	467
427	468
427	469
427	470
427	471
427	472
427	473
427	474
427	475
427	476
427	477
427	478
427	479
427	480
427	481
427	482
427	483
427	484
427	485
427	486
427	487
427	488
427	489
427	490
427	491
427	492
427	493
427	494
427	495
427	496
427	497
427	498
427	499
427	500
427	501
427	502
427	503
427	504
427	505
427	506
427	507
427	508
427	509
427	510
427	511
427	512
427	513
427	514
427	515
427	516
427	517
427	518
427	519
427	520
427	521
427	522
427	523
427	524
427	525
427	526
427	527
427	528
427	529
427	530
427	531
427	532
427	533
427	534
427	535
427	536
427	537
427	538
427	539
427	540
427	541
427	542
427	543
427	544
427	545
427	546
427	547
427	548
427	549
427	550
427	551
427	552
428	443
428	444
428	445
428	446
428	447
428	448
428	449
428	450
428	451
428	452
428	453
428	454
428	455
428	456
428	457
428	458
428	459
428	460
428	461
428	462
428	463
428	464
428	465
428	466
428	467
428	468
428	469
428	470
428	471
428	472
428	473
428	474
428	475
428	476
428	477
428	478
428	479
428	480
428	481
428	482
428	483
428	484
428	485
428	486
428	487
428	488
428	489
428	490
428	491
428	492
428	493
428	494
428	495
428	496
428	497
428	498
428	499
428	500
428	501
428	502
428	503
428	504
428	505
428	506
428	507
428	508
428	509
428	510
428	511
428	512
428	513
428	514
428	515
428	516
428	517
428	518
428	519
428	520
428	521
428	522
428	523
428	524
428	525
428	526
428	527
428	528
428	529
428	530
428	531
428	532
428	533
428	534
428	535
428	536
428	537
428	538
428	539
428	540
428	541
428	542
428	543
428	544
428	545
428	546
428	547
428	548
428	549
428	550
428	551
429	443
429	444
429	445
429	446
429	447
429	448
429	449
429	450
429	451
429	452
429	453
429	454
429	455
429	456
429	457
429	458
429	459
429	460
429	461
429	462
429	463
429	464
429	465
429	466
429	467
429	468
429	469
429	470
429	471
429	472
429	473
429	474
429	475
429	476
429	477
429	478
429	479
429	480
429	481
429	482
429	483
429	484
429	485
429	486
429	487
429	488
429	489
429	490
429	491
429	492
429	493
429	494
429	495
429	496
429	497
429	498
429	499
429	500
429	501
429	502
429	503
429	504
429	505
429	506
429	507
429	508
429	509
429	510
429	511
429	512
429	513
429	514
429	515
429	516
429	517
429	518
429	519
429	520
429	521
429	522
429	523
429	524
429	525
429	526
429	527
429	528
429	529
429	530
429	531
429	532
429	533
429	534
429	535
429	536
429	537
429	538
429	539
429	540
429	541
429	542
429	543
429	544
429	545
429	546
429	547
429	548
429	549
429	550
429	551
429	552
430	442
430	443
430	444
430	445
430	446
430	447
430	448
430	449
430	450
430	451
430	452
430	453
430	454
430	455
430	456
430	457
430	458
430	459
430	460
430	461
430	462
430	463
430	464
430	465
430	466
430	467
430	468
430	469
430	470
430	471
430	472
430	473
430	474
430	475
430	476
430	477
430	478
430	479
430	480
430	481
430	482
430	483
430	484
430	485
430	486
430	487
430	488
430	489
430	490
430	491
430	492
430	493
430	494
430	495
430	496
430	497
430	498
430	499
430	500
430	501
430	502
430	503
430	504
430	505
430	506
430	507
430	508
430	509
430	510
430	511
430	512
430	513
430	514
430	515
430	516
430	517
430	518
430	519
430	520
430	521
430	522
430	523
430	524
430	525
430	526
430	527
430	528
430	529
430	530
430	531
430	532
430	533
430	534
430	535
430	536
430	537
430	538
430	539
430	540
430	541
430	542
430	543
430	544
430	545
430	546
430	547
430	548
430	549
430	550
430	551
430	552
430	553
430	554
431	442
431	443
431	444
431	445
431	446
431	447
431	448
431	449
431	450
431	451
431	452
431	453
431	454
431	455
431	456
431	457
431	458
431	459
431	460
431	461
431	462
431	463
431	464
431	465
431	466
431	467
431	468
431	469
431	470
431	471
431	472
431	473
431	474
431	475
431	476
431	477
431	478
431	479
431	480
431	481
431	482
431	483
431	484
431	485
431	486
431	487
431	488
431	489
431	490
431	491
431	492
431	493
431	494
431	495
431	496
431	497
431	498
431	499
431	500
431	501
431	502
431	503
431	504
431	505
431	506
431	507
431	508
431	509
431	510
431	511
431	512
431	513
431	514
431	515
431	516
431	517
431	518
431	519
431	520
431	521
431	522
431	523
431	524
431	525
431	526
431	527
431	528
431	529
431	530
431	531
431	532
431	533
431	534
431	535
431	536
431	537
431	538
431	539
431	540
431	541
431	542
431	543
431	544
431	545
431	546
431	547
431	548
431	549
431	550
431	551
431	552
431	553
431	554
431	555
431	556
431	560
431	561
432	441
432	442
432	443
432	444
432	445
432	446
432	447
432	448
432	449
432	450
432	451
432	452
432	453
432	454
432	455
432	456
432	457
432	458
432	459
432	460
432	461
432	462
432	463
432	464
432	465
432	466
432	467
432	468
432	469
432	470
432	471
432	472
432	473
432	474
432	475
432	476
432	477
432	478
432	479
432	480
432	481
432	482
432	483
432	484
432	485
432	486
432	487
432	488
432	489
432	490
432	491
432	492
432	493
432	494
432	495
432	496
432	497
432	498
432	499
432	500
432	501
432	502
432	503
432	504
432	505
432	506
432	507
432	508
432	509
432	510
432	511
432	512
432	513
432	514
432	515
432	516
432	517
432	518
432	519
432	520
432	521
432	522
432	523
432	524
432	525
432	526
432	527
432	528
432	529
432	530
432	531
432	532
432	533
432	534
432	535
432	536
432	537
432	538
432	539
432	540
432	541
432	542
432	543
432	544
432	545
432	546
432	547
432	548
432	549
432	550
432	551
432	552
432	553
432	554
432	555
432	557
432	559
432	560
432	561
433	437
433	438
433	439
433	440
433	441
433	442
433	443
433	444
433	445
433	446
433	447
433	448
433	449
433	450
433	451
433	452
433	453
433	454
433	455
433	456
433	457
433	458
433	459
433	460
433	461
433	462
433	463
433	464
433	465
433	466
433	467
433	468
433	469
433	470
433	471
433	472
433	473
433	474
433	475
433	476
433	477
433	478
433	479
433	480
433	481
433	482
433	483
433	484
433	485
433	486
433	487
433	488
433	489
433	490
433	491
433	492
433	493
433	494
433	495
433	496
433	497
433	498
433	499
433	500
433	501
433	502
433	503
433	504
433	505
433	506
433	507
433	508
433	509
433	510
433	511
433	512
433	513
433	514
433	515
433	516
433	517
433	518
433	519
433	520
433	521
433	522
433	523
433	524
433	525
433	526
433	527
433	528
433	529
433	530
433	531
433	532
433	533
433	534
433	535
433	536
433	537
433	538
433	539
433	540
433	541
433	542
433	543
433	544
433	545
433	546
433	547
433	548
433	549
433	550
433	551
433	552
433	553
433	554
433	555
433	556
433	557
433	558
433	559
433	560
433	561
433	564
433	565
434	439
434	440
434	441
434	442
434	443
434	444
434	445
434	446
434	447
434	448
434	449
434	450
434	451
434	452
434	453
434	454
434	455
434	456
434	457
434	458
434	459
434	460
434	461
434	462
434	463
434	464
434	465
434	466
434	467
434	468
434	469
434	470
434	471
434	472
434	473
434	474
434	475
434	476
434	477
434	478
434	479
434	480
434	481
434	482
434	483
434	484
434	485
434	486
434	487
434	488
434	489
434	490
434	491
434	492
434	493
434	494
434	495
434	496
434	497
434	498
434	499
434	500
434	501
434	502
434	503
434	504
434	505
434	506
434	507
434	508
434	509
434	510
434	511
434	512
434	513
434	514
434	515
434	516
434	517
434	518
434	519
434	520
434	521
434	522
434	523
434	524
434	525
434	526
434	527
434	528
434	529
434	530
434	531
434	532
434	533
434	534
434	535
434	536
434	537
434	538
434	539
434	540
434	541
434	542
434	543
434	544
434	545
434	546
434	547
434	548
434	549
434	550
434	551
434	552
434	553
434	554
434	555
434	556
434	557
434	558
434	559
434	560
434	561
434	562
434	564
434	565
434	566
435	438
435	439
435	440
435	441
435	442
435	443
435	444
435	445
435	446
435	447
435	448
435	449
435	450
435	451
435	452
435	453
435	454
435	455
435	456
435	457
435	458
435	459
435	460
435	461
435	462
435	463
435	464
435	465
435	466
435	467
435	468
435	469
435	470
435	471
435	472
435	473
435	474
435	475
435	476
435	477
435	478
435	479
435	480
435	481
435	482
435	483
435	484
435	485
435	486
435	487
435	488
435	489
435	490
435	491
435	492
435	493
435	494
435	495
435	496
435	497
435	498
435	499
435	500
435	501
435	502
435	503
435	504
435	505
435	506
435	507
435	508
435	509
435	510
435	511
435	512
435	513
435	514
435	515
435	516
435	517
435	518
435	519
435	520
435	521
435	522
435	523
435	524
435	525
435	526
435	527
435	528
435	529
435	530
435	531
435	532
435	533
435	534
435	535
435	536
435	537
435	538
435	539
435	540
435	541
435	542
435	543
435	544
435	545
435	546
435	547
435	548
435	549
435	550
435	551
435	552
435	553
435	554
435	555
435	556
435	557
435	558
435	559
435	560
435	561
435	562
435	563
435	564
435	565
435	566
435	567
435	568
436	438
436	439
436	440
436	441
436	442
436	443
436	444
436	445
436	446
436	447
436	448
436	449
436	450
436	451
436	452
436	453
436	454
436	455
436	456
436	457
436	458
436	459
436	460
436	461
436	462
436	463
436	464
436	465
436	466
436	467
436	468
436	469
436	470
436	471
436	472
436	473
436	474
436	475
436	476
436	477
436	478
436	479
436	480
436	481
436	482
436	483
436	484
436	485
436	486
436	487
436	488
436	489
436	490
436	491
436	492
436	493
436	494
436	495
436	496
436	497
436	498
436	499
436	500
436	501
436	502
436	503
436	504
436	505
436	506
436	507
436	508
436	509
436	510
436	511
436	512
436	513
436	514
436	515
436	516
436	517
436	518
436	519
436	520
436	521
436	522
436	523
436	524
436	525
436	526
436	527
436	528
436	529
436	530
436	531
436	532
436	533
436	534
436	535
436	536
436	537
436	538
436	539
436	540
436	541
436	542
436	543
436	544
436	545
436	546
436	547
436	548
436	549
436	550
436	551
436	552
436	553
436	554
436	555
436	556
436	557
436	558
436	559
436	560
436	561
436	562
436	563
436	564
436	565
436	567
436	568
437	438
437	439
437	440
437	441
437	442
437	443
437	444
437	445
437	446
437	447
437	448
437	449
437	450
437	451
437	452
437	453
437	454
437	455
437	456
437	457
437	458
437	459
437	460
437	461
437	462
437	463
437	464
437	465
437	466
437	467
437	468
437	469
437	470
437	471
437	472
437	473
437	474
437	475
437	476
437	477
437	478
437	479
437	480
437	481
437	482
437	483
437	484
437	485
437	486
437	487
437	488
437	489
437	490
437	491
437	492
437	493
437	494
437	495
437	496
437	497
437	498
437	499
437	500
437	501
437	502
437	503
437	504
437	505
437	506
437	507
437	508
437	509
437	510
437	511
437	512
437	513
437	514
437	515
437	516
437	517
437	518
437	519
437	520
437	521
437	522
437	523
437	524
437	525
437	526
437	527
437	528
437	529
437	530
437	531
437	532
437	533
437	534
437	535
437	536
437	537
437	538
437	539
437	540
437	541
437	542
437	543
437	544
437	545
437	546
437	547
437	548
437	549
437	550
437	551
437	552
437	553
437	554
437	555
437	556
437	557
437	558
437	559
437	560
437	561
437	562
437	563
437	564
437	565
437	567
437	568
437	569
438	433
438	438
438	439
438	440
438	441
438	442
438	443
438	444
438	445
438	446
438	447
438	448
438	449
438	450
438	451
438	452
438	453
438	454
438	455
438	456
438	457
438	458
438	459
438	460
438	461
438	462
438	463
438	464
438	465
438	466
438	467
438	468
438	469
438	470
438	471
438	472
438	473
438	474
438	475
438	476
438	477
438	478
438	479
438	480
438	481
438	482
438	483
438	484
438	485
438	486
438	487
438	488
438	489
438	490
438	491
438	492
438	493
438	494
438	495
438	496
438	497
438	498
438	499
438	500
438	501
438	502
438	503
438	504
438	505
438	506
438	507
438	508
438	509
438	510
438	511
438	512
438	513
438	514
438	515
438	516
438	517
438	518
438	519
438	520
438	521
438	522
438	523
438	524
438	525
438	526
438	527
438	528
438	529
438	530
438	531
438	532
438	533
438	534
438	535
438	536
438	537
438	538
438	539
438	540
438	541
438	542
438	543
438	544
438	545
438	546
438	547
438	548
438	549
438	550
438	551
438	552
438	553
438	554
438	555
438	556
438	557
438	558
438	559
438	560
438	561
438	562
438	563
438	564
438	565
438	566
438	567
438	568
438	569
439	432
439	433
439	434
439	436
439	437
439	438
439	439
439	440
439	441
439	442
439	443
439	444
439	445
439	446
439	447
439	448
439	449
439	450
439	451
439	452
439	453
439	454
439	455
439	456
439	457
439	458
439	459
439	460
439	461
439	462
439	463
439	464
439	465
439	466
439	467
439	468
439	469
439	470
439	471
439	472
439	473
439	474
439	475
439	476
439	477
439	478
439	479
439	480
439	481
439	482
439	483
439	484
439	485
439	486
439	487
439	488
439	489
439	490
439	491
439	492
439	493
439	494
439	495
439	496
439	497
439	498
439	499
439	500
439	501
439	502
439	503
439	504
439	505
439	506
439	507
439	508
439	509
439	510
439	511
439	512
439	513
439	514
439	515
439	516
439	517
439	518
439	519
439	520
439	521
439	522
439	523
439	524
439	525
439	526
439	527
439	528
439	529
439	530
439	531
439	532
439	533
439	534
439	535
439	536
439	537
439	538
439	539
439	540
439	541
439	542
439	543
439	544
439	545
439	546
439	547
439	548
439	549
439	550
439	551
439	552
439	553
439	554
439	555
439	556
439	557
439	558
439	559
439	560
439	561
439	562
439	563
439	564
439	565
439	566
439	567
439	568
439	569
439	571
440	432
440	433
440	435
440	436
440	437
440	438
440	439
440	440
440	441
440	442
440	443
440	444
440	445
440	446
440	447
440	448
440	449
440	450
440	451
440	452
440	453
440	454
440	455
440	456
440	457
440	458
440	459
440	460
440	461
440	462
440	463
440	464
440	465
440	466
440	467
440	468
440	469
440	470
440	471
440	472
440	473
440	474
440	475
440	476
440	477
440	478
440	479
440	480
440	481
440	482
440	483
440	484
440	485
440	486
440	487
440	488
440	489
440	490
440	491
440	492
440	493
440	494
440	495
440	496
440	497
440	498
440	499
440	500
440	501
440	502
440	503
440	504
440	505
440	506
440	507
440	508
440	509
440	510
440	511
440	512
440	513
440	514
440	515
440	516
440	517
440	518
440	519
440	520
440	521
440	522
440	523
440	524
440	525
440	526
440	527
440	528
440	529
440	530
440	531
440	532
440	533
440	534
440	535
440	536
440	537
440	538
440	539
440	540
440	541
440	542
440	543
440	544
440	545
440	546
440	547
440	548
440	549
440	550
440	551
440	552
440	553
440	554
440	555
440	556
440	557
440	558
440	559
440	560
440	561
440	562
440	563
440	564
440	565
440	566
440	567
440	568
440	569
440	570
440	571
440	572
440	573
441	432
441	433
441	434
441	435
441	436
441	437
441	438
441	439
441	440
441	441
441	442
441	443
441	444
441	445
441	446
441	447
441	448
441	449
441	450
441	451
441	452
441	453
441	454
441	455
441	456
441	457
441	458
441	459
441	460
441	461
441	462
441	463
441	464
441	465
441	466
441	467
441	468
441	469
441	470
441	471
441	472
441	473
441	474
441	475
441	476
441	477
441	478
441	479
441	480
441	481
441	482
441	483
441	484
441	485
441	486
441	487
441	488
441	489
441	490
441	491
441	492
441	493
441	494
441	495
441	496
441	497
441	498
441	499
441	500
441	501
441	502
441	503
441	504
441	505
441	506
441	507
441	508
441	509
441	510
441	511
441	512
441	513
441	514
441	515
441	516
441	517
441	518
441	519
441	520
441	521
441	522
441	523
441	524
441	525
441	526
441	527
441	528
441	529
441	530
441	531
441	532
441	533
441	534
441	535
441	536
441	537
441	538
441	539
441	540
441	541
441	542
441	543
441	544
441	545
441	546
441	547
441	548
441	549
441	550
441	551
441	552
441	553
441	554
441	555
441	556
441	557
441	558
441	559
441	560
441	561
441	562
441	563
441	564
441	565
441	566
441	567
441	568
441	569
441	570
441	571
441	572
441	573
442	429
442	430
442	431
442	432
442	433
442	434
442	435
442	436
442	437
442	438
442	439
442	440
442	441
442	442
442	443
442	444
442	445
442	446
442	447
442	448
442	449
442	450
442	451
442	452
442	453
442	454
442	455
442	456
442	457
442	458
442	459
442	460
442	461
442	462
442	463
442	464
442	465
442	466
442	467
442	468
442	469
442	470
442	471
442	472
442	473
442	474
442	475
442	476
442	477
442	478
442	479
442	480
442	481
442	482
442	483
442	484
442	485
442	486
442	487
442	488
442	489
442	490
442	491
442	492
442	493
442	494
442	495
442	496
442	497
442	498
442	499
442	500
442	501
442	502
442	503
442	504
442	505
442	506
442	507
442	508
442	509
442	510
442	511
442	512
442	513
442	514
442	515
442	516
442	517
442	518
442	519
442	520
442	521
442	522
442	523
442	524
442	525
442	526
442	527
442	528
442	529
442	530
442	531
442	532
442	533
442	534
442	535
442	536
442	537
442	538
442	539
442	540
442	541
442	542
442	543
442	544
442	545
442	546
442	547
442	548
442	549
442	550
442	551
442	552
442	553
442	554
442	555
442	556
442	557
442	558
442	559
442	560
442	561
442	562
442	563
442	564
442	565
442	566
442	567
442	568
442	569
442	570
442	571
442	572
442	573
442	574
442	575
443	429
443	430
443	431
443	432
443	433
443	434
443	435
443	436
443	437
443	438
443	439
443	440
443	441
443	442
443	443
443	444
443	445
443	446
443	447
443	448
443	449
443	450
443	451
443	452
443	453
443	454
443	455
443	456
443	457
443	458
443	459
443	460
443	461
443	462
443	463
443	464
443	465
443	466
443	467
443	468
443	469
443	470
443	471
443	472
443	473
443	474
443	475
443	476
443	477
443	478
443	479
443	480
443	481
443	482
443	483
443	484
443	485
443	486
443	487
443	488
443	489
443	490
443	491
443	492
443	493
443	494
443	495
443	496
443	497
443	498
443	499
443	500
443	501
443	502
443	503
443	504
443	505
443	506
443	507
443	508
443	509
443	510
443	511
443	512
443	513
443	514
443	515
443	516
443	517
443	518
443	519
443	520
443	521
443	522
443	523
443	524
443	525
443	526
443	527
443	528
443	529
443	530
443	531
443	532
443	533
443	534
443	535
443	536
443	537
443	538
443	539
443	540
443	541
443	542
443	543
443	544
443	545
443	546
443	547
443	548
443	549
443	550
443	551
443	552
443	553
443	554
443	555
443	556
443	557
443	558
443	559
443	560
443	561
443	562
443	563
443	564
443	565
443	566
443	567
443	568
443	569
443	570
443	571
443	572
443	573
444	431
444	432
444	433
444	434
444	435
444	436
444	437
444	438
444	439
444	440
444	441
444	442
444	443
444	444
444	445
444	446
444	447
444	448
444	449
444	450
444	451
444	452
444	453
444	454
444	455
444	456
444	457
444	458
444	459
444	460
444	461
444	462
444	463
444	464
444	465
444	466
444	467
444	468
444	469
444	470
444	471
444	472
444	473
444	474
444	475
444	476
444	477
444	478
444	479
444	480
444	481
444	482
444	483
444	484
444	485
444	486
444	487
444	488
444	489
444	490
444	491
444	492
444	493
444	494
444	495
444	496
444	497
444	498
444	499
444	500
444	501
444	502
444	503
444	504
444	505
444	506
444	507
444	508
444	509
444	510
444	511
444	512
444	513
444	514
444	515
444	516
444	517
444	518
444	519
444	520
444	521
444	522
444	523
444	524
444	525
444	526
444	527
444	528
444	529
444	530
444	531
444	532
444	533
444	534
444	535
444	536
444	537
444	538
444	539
444	540
444	541
444	542
444	543
444	544
444	545
444	546
444	547
444	548
444	549
444	550
444	551
444	552
444	553
444	554
444	555
444	556
444	557
444	558
444	559
444	560
444	561
444	562
444	563
444	564
444	565
444	566
444	567
444	568
444	569
444	570
444	571
444	572
444	573
444	574
444	575
445	429
445	430
445	431
445	433
445	434
445	435
445	436
445	437
445	438
445	439
445	440
445	441
445	442
445	443
445	444
445	445
445	446
445	447
445	448
445	449
445	450
445	451
445	452
445	453
445	454
445	455
445	456
445	457
445	458
445	459
445	460
445	461
445	462
445	463
445	464
445	465
445	466
445	467
445	468
445	469
445	470
445	471
445	472
445	473
445	474
445	475
445	476
445	477
445	478
445	479
445	480
445	481
445	482
445	483
445	484
445	485
445	486
445	487
445	488
445	489
445	490
445	491
445	492
445	493
445	494
445	495
445	496
445	497
445	498
445	499
445	500
445	501
445	502
445	503
445	504
445	505
445	506
445	507
445	508
445	509
445	510
445	511
445	512
445	513
445	514
445	515
445	516
445	517
445	518
445	519
445	520
445	521
445	522
445	523
445	524
445	525
445	526
445	527
445	528
445	529
445	530
445	531
445	532
445	533
445	534
445	535
445	536
445	537
445	538
445	539
445	540
445	541
445	542
445	543
445	544
445	545
445	546
445	547
445	548
445	549
445	550
445	551
445	552
445	553
445	554
445	555
445	556
445	557
445	558
445	559
445	560
445	561
445	562
445	563
445	564
445	565
445	566
445	567
445	568
445	569
445	570
445	571
445	572
445	573
445	574
445	575
445	577
445	578
446	432
446	433
446	434
446	435
446	436
446	437
446	438
446	439
446	440
446	441
446	442
446	443
446	444
446	445
446	446
446	447
446	448
446	449
446	450
446	451
446	452
446	453
446	454
446	455
446	456
446	457
446	458
446	459
446	460
446	461
446	462
446	463
446	464
446	465
446	466
446	467
446	468
446	469
446	470
446	471
446	472
446	473
446	474
446	475
446	476
446	477
446	478
446	479
446	480
446	481
446	482
446	483
446	484
446	485
446	486
446	487
446	488
446	489
446	490
446	491
446	492
446	493
446	494
446	495
446	496
446	497
446	498
446	499
446	500
446	501
446	502
446	503
446	504
446	505
446	506
446	507
446	508
446	509
446	510
446	511
446	512
446	513
446	514
446	515
446	516
446	517
446	518
446	519
446	520
446	521
446	522
446	523
446	524
446	525
446	526
446	527
446	528
446	529
446	530
446	531
446	532
446	533
446	534
446	535
446	536
446	537
446	538
446	539
446	540
446	541
446	542
446	543
446	544
446	545
446	546
446	547
446	548
446	549
446	550
446	551
446	552
446	553
446	554
446	555
446	556
446	557
446	558
446	559
446	560
446	561
446	562
446	563
446	564
446	565
446	566
446	567
446	568
446	569
446	570
446	571
446	572
446	573
446	574
446	575
446	576
446	577
446	578
447	424
447	432
447	433
447	434
447	435
447	436
447	437
447	438
447	439
447	440
447	441
447	442
447	443
447	444
447	445
447	446
447	447
447	448
447	449
447	450
447	451
447	452
447	453
447	454
447	455
447	456
447	457
447	458
447	459
447	460
447	461
447	462
447	463
447	464
447	465
447	466
447	467
447	468
447	469
447	470
447	471
447	472
447	473
447	474
447	475
447	476
447	477
447	478
447	479
447	480
447	481
447	482
447	483
447	484
447	485
447	486
447	487
447	488
447	489
447	490
447	491
447	492
447	493
447	494
447	495
447	496
447	497
447	498
447	499
447	500
447	501
447	502
447	503
447	504
447	505
447	506
447	507
447	508
447	509
447	510
447	511
447	512
447	513
447	514
447	515
447	516
447	517
447	518
447	519
447	520
447	521
447	522
447	523
447	524
447	525
447	526
447	527
447	528
447	529
447	530
447	531
447	532
447	533
447	534
447	535
447	536
447	537
447	538
447	539
447	540
447	541
447	542
447	543
447	544
447	545
447	546
447	547
447	548
447	549
447	550
447	551
447	552
447	553
447	554
447	555
447	556
447	557
447	558
447	559
447	560
447	561
447	562
447	563
447	564
447	565
447	566
447	567
447	568
447	569
447	570
447	571
447	572
447	573
447	574
447	575
447	576
447	577
447	578
448	424
448	426
448	427
448	428
448	431
448	432
448	433
448	434
448	435
448	436
448	437
448	438
448	439
448	440
448	441
448	442
448	443
448	444
448	445
448	446
448	447
448	448
448	449
448	450
448	451
448	452
448	453
448	454
448	455
448	456
448	457
448	458
448	459
448	460
448	461
448	462
448	463
448	464
448	465
448	466
448	467
448	468
448	469
448	470
448	471
448	472
448	473
448	474
448	475
448	476
448	477
448	478
448	479
448	480
448	481
448	482
448	483
448	484
448	485
448	486
448	487
448	488
448	489
448	490
448	491
448	492
448	493
448	494
448	495
448	496
448	497
448	498
448	499
448	500
448	501
448	502
448	503
448	504
448	505
448	506
448	507
448	508
448	509
448	510
448	511
448	512
448	513
448	514
448	515
448	516
448	517
448	518
448	519
448	520
448	521
448	522
448	523
448	524
448	525
448	526
448	527
448	528
448	529
448	530
448	531
448	532
448	533
448	534
448	535
448	536
448	537
448	538
448	539
448	540
448	541
448	542
448	543
448	544
448	545
448	546
448	547
448	548
448	549
448	550
448	551
448	552
448	553
448	554
448	555
448	556
448	557
448	558
448	559
448	560
448	561
448	562
448	563
448	564
448	565
448	566
448	567
448	568
448	569
448	570
448	571
448	572
448	573
448	574
448	575
448	576
448	577
448	578
448	579
449	422
449	423
449	424
449	425
449	426
449	427
449	428
449	429
449	430
449	431
449	432
449	433
449	434
449	435
449	436
449	437
449	438
449	439
449	440
449	441
449	442
449	443
449	444
449	445
449	446
449	447
449	448
449	449
449	450
449	451
449	452
449	453
449	454
449	455
449	456
449	457
449	458
449	459
449	460
449	461
449	462
449	463
449	464
449	465
449	466
449	467
449	468
449	469
449	470
449	471
449	472
449	473
449	474
449	475
449	476
449	477
449	478
449	479
449	480
449	481
449	482
449	483
449	484
449	485
449	486
449	487
449	488
449	489
449	490
449	491
449	492
449	493
449	494
449	495
449	496
449	497
449	498
449	499
449	500
449	501
449	502
449	503
449	504
449	505
449	506
449	507
449	508
449	509
449	510
449	511
449	512
449	513
449	514
449	515
449	516
449	517
449	518
449	519
449	520
449	521
449	522
449	523
449	524
449	525
449	526
449	527
449	528
449	529
449	530
449	531
449	532
449	533
449	534
449	535
449	536
449	537
449	538
449	539
449	540
449	541
449	542
449	543
449	544
449	545
449	546
449	547
449	548
449	549
449	550
449	551
449	552
449	553
449	554
449	555
449	556
449	557
449	558
449	559
449	560
449	561
449	562
449	563
449	564
449	565
449	566
449	567
449	568
449	569
449	570
449	571
449	572
449	573
449	574
449	575
449	576
449	577
449	578
450	424
450	425
450	426
450	427
450	428
450	429
450	430
450	431
450	432
450	433
450	434
450	435
450	436
450	437
450	438
450	439
450	440
450	441
450	442
450	443
450	444
450	445
450	446
450	447
450	448
450	449
450	450
450	451
450	452
450	453
450	454
450	455
450	456
450	457
450	458
450	459
450	460
450	461
450	462
450	463
450	464
450	465
450	466
450	467
450	468
450	469
450	470
450	471
450	472
450	473
450	474
450	475
450	476
450	477
450	478
450	479
450	480
450	481
450	482
450	483
450	484
450	485
450	486
450	487
450	488
450	489
450	490
450	491
450	492
450	493
450	494
450	495
450	496
450	497
450	498
450	499
450	500
450	501
450	502
450	503
450	504
450	505
450	506
450	507
450	508
450	509
450	510
450	511
450	512
450	513
450	514
450	515
450	516
450	517
450	518
450	519
450	520
450	521
450	522
450	523
450	524
450	525
450	526
450	527
450	528
450	529
450	530
450	531
450	532
450	533
450	534
450	535
450	536
450	537
450	538
450	539
450	540
450	541
450	542
450	543
450	544
450	545
450	546
450	547
450	548
450	549
450	550
450	551
450	552
450	553
450	554
450	555
450	556
450	557
450	558
450	559
450	560
450	561
450	562
450	563
450	564
450	565
450	566
450	567
450	568
450	569
450	570
450	571
450	572
450	573
450	574
450	575
450	576
450	577
450	578
451	424
451	425
451	426
451	427
451	428
451	429
451	430
451	431
451	432
451	433
451	434
451	435
451	436
451	437
451	438
451	439
451	440
451	441
451	442
451	443
451	444
451	445
451	446
451	447
451	448
451	449
451	450
451	451
451	452
451	453
451	454
451	455
451	456
451	457
451	458
451	459
451	460
451	461
451	462
451	463
451	464
451	465
451	466
451	467
451	468
451	469
451	470
451	471
451	472
451	473
451	474
451	475
451	476
451	477
451	478
451	479
451	480
451	481
451	482
451	483
451	484
451	485
451	486
451	487
451	488
451	489
451	490
451	491
451	492
451	493
451	494
451	495
451	496
451	497
451	498
451	499
451	500
451	501
451	502
451	503
451	504
451	505
451	506
451	507
451	508
451	509
451	510
451	511
451	512
451	513
451	514
451	515
451	516
451	517
451	518
451	519
451	520
451	521
451	522
451	523
451	524
451	525
451	526
451	527
451	528
451	529
451	530
451	531
451	532
451	533
451	534
451	535
451	536
451	537
451	538
451	539
451	540
451	541
451	542
451	543
451	544
451	545
451	546
451	547
451	548
451	549
451	550
451	551
451	552
451	553
451	554
451	555
451	556
451	557
451	558
451	559
451	560
451	561
451	562
451	563
451	564
451	565
451	566
451	567
451	568
451	569
451	570
451	571
451	572
451	573
451	574
451	575
451	576
451	577
451	578
451	579
452	425
452	427
452	428
452	429
452	430
452	431
452	432
452	433
452	434
452	435
452	436
452	437
452	438
452	439
452	440
452	441
452	442
452	443
452	444
452	445
452	446
452	447
452	448
452	449
452	450
452	451
452	452
452	453
452	454
452	455
452	456
452	457
452	458
452	459
452	460
452	461
452	462
452	463
452	464
452	465
452	466
452	467
452	468
452	469
452	470
452	471
452	472
452	473
452	474
452	475
452	476
452	477
452	478
452	479
452	480
452	481
452	482
452	483
452	484
452	485
452	486
452	487
452	488
452	489
452	490
452	491
452	492
452	493
452	494
452	495
452	496
452	497
452	498
452	499
452	500
452	501
452	502
452	503
452	504
452	505
452	506
452	507
452	508
452	509
452	510
452	511
452	512
452	513
452	514
452	515
452	516
452	517
452	518
452	519
452	520
452	521
452	522
452	523
452	524
452	525
452	526
452	527
452	528
452	529
452	530
452	531
452	532
452	533
452	534
452	535
452	536
452	537
452	538
452	539
452	540
452	541
452	542
452	543
452	544
452	545
452	546
452	547
452	548
452	549
452	550
452	551
452	552
452	553
452	554
452	555
452	556
452	557
452	558
452	559
452	560
452	561
452	562
452	563
452	564
452	565
452	566
452	567
452	568
452	569
452	570
452	571
452	572
452	573
452	574
452	575
452	576
452	577
452	578
452	579
453	427
453	428
453	429
453	430
453	431
453	432
453	433
453	434
453	435
453	436
453	437
453	438
453	439
453	440
453	441
453	442
453	443
453	444
453	445
453	446
453	447
453	448
453	449
453	450
453	451
453	452
453	453
453	454
453	455
453	456
453	457
453	458
453	459
453	460
453	461
453	462
453	463
453	464
453	465
453	466
453	467
453	468
453	469
453	470
453	471
453	472
453	473
453	474
453	475
453	476
453	477
453	478
453	479
453	480
453	481
453	482
453	483
453	484
453	485
453	486
453	487
453	488
453	489
453	490
453	491
453	492
453	493
453	494
453	495
453	496
453	497
453	498
453	499
453	500
453	501
453	502
453	503
453	504
453	505
453	506
453	507
453	508
453	509
453	510
453	511
453	512
453	513
453	514
453	515
453	516
453	517
453	518
453	519
453	520
453	521
453	522
453	523
453	524
453	525
453	526
453	527
453	528
453	529
453	530
453	531
453	532
453	533
453	534
453	535
453	536
453	537
453	538
453	539
453	540
453	541
453	542
453	543
453	544
453	545
453	546
453	547
453	548
453	549
453	550
453	551
453	552
453	553
453	554
453	555
453	556
453	557
453	558
453	559
453	560
453	561
453	562
453	563
453	564
453	565
453	566
453	567
453	568
453	569
453	570
453	571
453	572
453	573
453	574
453	575
453	576
453	577
453	578
453	580
454	427
454	428
454	429
454	430
454	431
454	432
454	433
454	434
454	435
454	436
454	437
454	438
454	439
454	440
454	441
454	442
454	443
454	444
454	445
454	446
454	447
454	448
454	449
454	450
454	451
454	452
454	453
454	454
454	455
454	456
454	457
454	458
454	459
454	460
454	461
454	462
454	463
454	464
454	465
454	466
454	467
454	468
454	469
454	470
454	471
454	472
454	473
454	474
454	475
454	476
454	477
454	478
454	479
454	480
454	481
454	482
454	483
454	484
454	485
454	486
454	487
454	488
454	489
454	490
454	491
454	492
454	493
454	494
454	495
454	496
454	497
454	498
454	499
454	500
454	501
454	502
454	503
454	504
454	505
454	506
454	507
454	508
454	509
454	510
454	511
454	512
454	513
454	514
454	515
454	516
454	517
454	518
454	519
454	520
454	521
454	522
454	523
454	524
454	525
454	526
454	527
454	528
454	529
454	530
454	531
454	532
454	533
454	534
454	535
454	536
454	537
454	538
454	539
454	540
454	541
454	542
454	543
454	544
454	545
454	546
454	547
454	548
454	549
454	550
454	551
454	552
454	553
454	554
454	555
454	556
454	557
454	558
454	559
454	560
454	561
454	562
454	563
454	564
454	565
454	566
454	567
454	568
454	569
454	570
454	571
454	572
454	573
454	574
454	575
454	576
454	577
454	578
454	579
454	580
455	428
455	429
455	430
455	431
455	432
455	433
455	434
455	435
455	436
455	437
455	438
455	439
455	440
455	441
455	442
455	443
455	444
455	445
455	446
455	447
455	448
455	449
455	450
455	451
455	452
455	453
455	454
455	455
455	456
455	457
455	458
455	459
455	460
455	461
455	462
455	463
455	464
455	465
455	466
455	467
455	468
455	469
455	470
455	471
455	472
455	473
455	474
455	475
455	476
455	477
455	478
455	479
455	480
455	481
455	482
455	483
455	484
455	485
455	486
455	487
455	488
455	489
455	490
455	491
455	492
455	493
455	494
455	495
455	496
455	497
455	498
455	499
455	500
455	501
455	502
455	503
455	504
455	505
455	506
455	507
455	508
455	509
455	510
455	511
455	512
455	513
455	514
455	515
455	516
455	517
455	518
455	519
455	520
455	521
455	522
455	523
455	524
455	525
455	526
455	527
455	528
455	529
455	530
455	531
455	532
455	533
455	534
455	535
455	536
455	537
455	538
455	539
455	540
455	541
455	542
455	543
455	544
455	545
455	546
455	547
455	548
455	549
455	550
455	551
455	552
455	553
455	554
455	555
455	556
455	557
455	558
455	559
455	560
455	561
455	562
455	563
455	564
455	565
455	566
455	567
455	568
455	569
455	570
455	571
455	572
455	573
455	574
455	575
455	576
455	577
455	578
455	579
456	428
456	429
456	430
456	431
456	432
456	433
456	434
456	435
456	436
456	437
456	438
456	439
456	440
456	441
456	442
456	443
456	444
456	445
456	446
456	447
456	448
456	449
456	450
456	451
456	452
456	453
456	454
456	455
456	456
456	457
456	458
456	459
456	460
456	461
456	462
456	463
456	464
456	465
456	466
456	467
456	468
456	469
456	470
456	471
456	472
456	473
456	474
456	475
456	476
456	477
456	478
456	479
456	480
456	481
456	482
456	483
456	484
456	485
456	486
456	487
456	488
456	489
456	490
456	491
456	492
456	493
456	494
456	495
456	496
456	497
456	498
456	499
456	500
456	501
456	502
456	503
456	504
456	505
456	506
456	507
456	508
456	509
456	510
456	511
456	512
456	513
456	514
456	515
456	516
456	517
456	518
456	519
456	520
456	521
456	522
456	523
456	524
456	525
456	526
456	527
456	528
456	529
456	530
456	531
456	532
456	533
456	534
456	535
456	536
456	537
456	538
456	539
456	540
456	541
456	542
456	543
456	544
456	545
456	546
456	547
456	548
456	549
456	550
456	551
456	552
456	553
456	554
456	555
456	556
456	557
456	558
456	559
456	560
456	561
456	562
456	563
456	564
456	565
456	566
456	567
456	568
456	569
456	570
456	571
456	572
456	573
456	574
456	575
456	576
456	577
456	578
456	579
457	427
457	428
457	429
457	430
457	431
457	432
457	433
457	434
457	435
457	436
457	437
457	438
457	439
457	440
457	441
457	442
457	443
457	444
457	445
457	446
457	447
457	448
457	449
457	450
457	451
457	452
457	453
457	454
457	455
457	456
457	457
457	458
457	459
457	460
457	461
457	462
457	463
457	464
457	465
457	466
457	467
457	468
457	469
457	470
457	471
457	472
457	473
457	474
457	475
457	476
457	477
457	478
457	479
457	480
457	481
457	482
457	483
457	484
457	485
457	486
457	487
457	488
457	489
457	490
457	491
457	492
457	493
457	494
457	495
457	496
457	497
457	498
457	499
457	500
457	501
457	502
457	503
457	504
457	505
457	506
457	507
457	508
457	509
457	510
457	511
457	512
457	513
457	514
457	515
457	516
457	517
457	518
457	519
457	520
457	521
457	522
457	523
457	524
457	525
457	526
457	527
457	528
457	529
457	530
457	531
457	532
457	533
457	534
457	535
457	536
457	537
457	538
457	539
457	540
457	541
457	542
457	543
457	544
457	545
457	546
457	547
457	548
457	549
457	550
457	551
457	552
457	553
457	554
457	555
457	556
457	557
457	558
457	559
457	560
457	561
457	562
457	563
457	564
457	565
457	566
457	567
457	568
457	569
457	570
457	571
457	572
457	573
457	574
457	575
457	576
457	577
457	578
457	579
457	580
458	419
458	420
458	421
458	427
458	428
458	429
458	430
458	431
458	432
458	433
458	434
458	435
458	436
458	437
458	438
458	439
458	440
458	441
458	442
458	443
458	444
458	445
458	446
458	447
458	448
458	449
458	450
458	451
458	452
458	453
458	454
458	455
458	456
458	457
458	458
458	459
458	460
458	461
458	462
458	463
458	464
458	465
458	466
458	467
458	468
458	469
458	470
458	471
458	472
458	473
458	474
458	475
458	476
458	477
458	478
458	479
458	480
458	481
458	482
458	483
458	484
458	485
458	486
458	487
458	488
458	489
458	490
458	491
458	492
458	493
458	494
458	495
458	496
458	497
458	498
458	499
458	500
458	501
458	502
458	503
458	504
458	505
458	506
458	507
458	508
458	509
458	510
458	511
458	512
458	513
458	514
458	515
458	516
458	517
458	518
458	519
458	520
458	521
458	522
458	523
458	524
458	525
458	526
458	527
458	528
458	529
458	530
458	531
458	532
458	533
458	534
458	535
458	536
458	537
458	538
458	539
458	540
458	541
458	542
458	543
458	544
458	545
458	546
458	547
458	548
458	549
458	550
458	551
458	552
458	553
458	554
458	555
458	556
458	557
458	558
458	559
458	560
458	561
458	562
458	563
458	564
458	565
458	566
458	567
458	568
458	569
458	570
458	571
458	572
458	573
458	574
458	575
458	576
458	577
458	578
458	579
458	580
458	581
459	420
459	421
459	422
459	423
459	425
459	426
459	427
459	428
459	429
459	430
459	431
459	432
459	433
459	434
459	435
459	436
459	437
459	438
459	439
459	440
459	441
459	442
459	443
459	444
459	445
459	446
459	447
459	448
459	449
459	450
459	451
459	452
459	453
459	454
459	455
459	456
459	457
459	458
459	459
459	460
459	461
459	462
459	463
459	464
459	465
459	466
459	467
459	468
459	469
459	470
459	471
459	472
459	473
459	474
459	475
459	476
459	477
459	478
459	479
459	480
459	481
459	482
459	483
459	484
459	485
459	486
459	487
459	488
459	489
459	490
459	491
459	492
459	493
459	494
459	495
459	496
459	497
459	498
459	499
459	500
459	501
459	502
459	503
459	504
459	505
459	506
459	507
459	508
459	509
459	510
459	511
459	512
459	513
459	514
459	515
459	516
459	517
459	518
459	519
459	520
459	521
459	522
459	523
459	524
459	525
459	526
459	527
459	528
459	529
459	530
459	531
459	532
459	533
459	534
459	535
459	536
459	537
459	538
459	539
459	540
459	541
459	542
459	543
459	544
459	545
459	546
459	547
459	548
459	549
459	550
459	551
459	552
459	553
459	554
459	555
459	556
459	557
459	558
459	559
459	560
459	561
459	562
459	563
459	564
459	565
459	566
459	567
459	568
459	569
459	570
459	571
459	572
459	573
459	574
459	575
459	576
459	577
459	578
459	579
459	580
460	420
460	421
460	422
460	423
460	424
460	425
460	426
460	427
460	428
460	429
460	430
460	431
460	432
460	433
460	434
460	435
460	436
460	437
460	438
460	439
460	440
460	441
460	442
460	443
460	444
460	445
460	446
460	447
460	448
460	449
460	450
460	451
460	452
460	453
460	454
460	455
460	456
460	457
460	458
460	459
460	460
460	461
460	462
460	463
460	464
460	465
460	466
460	467
460	468
460	469
460	470
460	471
460	472
460	473
460	474
460	475
460	476
460	477
460	478
460	479
460	480
460	481
460	482
460	483
460	484
460	485
460	486
460	487
460	488
460	489
460	490
460	491
460	492
460	493
460	494
460	495
460	496
460	497
460	498
460	499
460	500
460	501
460	502
460	503
460	504
460	505
460	506
460	507
460	508
460	509
460	510
460	511
460	512
460	513
460	514
460	515
460	516
460	517
460	518
460	519
460	520
460	521
460	522
460	523
460	524
460	525
460	526
460	527
460	528
460	529
460	530
460	531
460	532
460	533
460	534
460	535
460	536
460	537
460	538
460	539
460	540
460	541
460	542
460	543
460	544
460	545
460	546
460	547
460	548
460	549
460	550
460	551
460	552
460	553
460	554
460	555
460	556
460	557
460	558
460	559
460	560
460	561
460	562
460	563
460	564
460	565
460	566
460	567
460	568
460	569
460	570
460	571
460	572
460	573
460	574
460	575
460	576
460	577
460	578
460	579
460	580
460	581
460	582
460	586
460	587
460	588
460	589
461	420
461	421
461	422
461	423
461	424
461	425
461	426
461	427
461	428
461	429
461	430
461	431
461	432
461	433
461	434
461	435
461	436
461	437
461	438
461	439
461	440
461	441
461	442
461	443
461	444
461	445
461	446
461	447
461	448
461	449
461	450
461	451
461	452
461	453
461	454
461	455
461	456
461	457
461	458
461	459
461	460
461	461
461	462
461	463
461	464
461	465
461	466
461	467
461	468
461	469
461	470
461	471
461	472
461	473
461	474
461	475
461	476
461	477
461	478
461	479
461	480
461	481
461	482
461	483
461	484
461	485
461	486
461	487
461	488
461	489
461	490
461	491
461	492
461	493
461	494
461	495
461	496
461	497
461	498
461	499
461	500
461	501
461	502
461	503
461	504
461	505
461	506
461	507
461	508
461	509
461	510
461	511
461	512
461	513
461	514
461	515
461	516
461	517
461	518
461	519
461	520
461	521
461	522
461	523
461	524
461	525
461	526
461	527
461	528
461	529
461	530
461	531
461	532
461	533
461	534
461	535
461	536
461	537
461	538
461	539
461	540
461	541
461	542
461	543
461	544
461	545
461	546
461	547
461	548
461	549
461	550
461	551
461	552
461	553
461	554
461	555
461	556
461	557
461	558
461	559
461	560
461	561
461	562
461	563
461	564
461	565
461	566
461	567
461	568
461	569
461	570
461	571
461	572
461	573
461	574
461	575
461	576
461	577
461	578
461	579
461	580
461	581
461	582
461	583
461	586
461	587
461	588
461	589
461	590
462	419
462	420
462	421
462	422
462	423
462	424
462	425
462	426
462	427
462	428
462	429
462	430
462	431
462	432
462	433
462	434
462	435
462	436
462	437
462	438
462	439
462	440
462	441
462	442
462	443
462	444
462	445
462	446
462	447
462	448
462	449
462	450
462	451
462	452
462	453
462	454
462	455
462	456
462	457
462	458
462	459
462	460
462	461
462	462
462	463
462	464
462	465
462	466
462	467
462	468
462	469
462	470
462	471
462	472
462	473
462	474
462	475
462	476
462	477
462	478
462	479
462	480
462	481
462	482
462	483
462	484
462	485
462	486
462	487
462	488
462	489
462	490
462	491
462	492
462	493
462	494
462	495
462	496
462	497
462	498
462	499
462	500
462	501
462	502
462	503
462	504
462	505
462	506
462	507
462	508
462	509
462	510
462	511
462	512
462	513
462	514
462	515
462	516
462	517
462	518
462	519
462	520
462	521
462	522
462	523
462	524
462	525
462	526
462	527
462	528
462	529
462	530
462	531
462	532
462	533
462	534
462	535
462	536
462	537
462	538
462	539
462	540
462	541
462	542
462	543
462	544
462	545
462	546
462	547
462	548
462	549
462	550
462	551
462	552
462	553
462	554
462	555
462	556
462	557
462	558
462	559
462	560
462	561
462	562
462	563
462	564
462	565
462	566
462	567
462	568
462	569
462	570
462	571
462	572
462	573
462	574
462	575
462	576
462	577
462	578
462	579
462	580
462	581
462	582
462	583
462	584
462	585
462	586
462	587
462	588
462	589
463	418
463	420
463	421
463	422
463	423
463	424
463	425
463	426
463	427
463	428
463	429
463	430
463	431
463	432
463	433
463	434
463	435
463	436
463	437
463	438
463	439
463	440
463	441
463	442
463	443
463	444
463	445
463	446
463	447
463	448
463	449
463	450
463	451
463	452
463	453
463	454
463	455
463	456
463	457
463	458
463	459
463	460
463	461
463	462
463	463
463	464
463	465
463	466
463	467
463	468
463	469
463	470
463	471
463	472
463	473
463	474
463	475
463	476
463	477
463	478
463	479
463	480
463	481
463	482
463	483
463	484
463	485
463	486
463	487
463	488
463	489
463	490
463	491
463	492
463	493
463	494
463	495
463	496
463	497
463	498
463	499
463	500
463	501
463	502
463	503
463	504
463	505
463	506
463	507
463	508
463	509
463	510
463	511
463	512
463	513
463	514
463	515
463	516
463	517
463	518
463	519
463	520
463	521
463	522
463	523
463	524
463	525
463	526
463	527
463	528
463	529
463	530
463	531
463	532
463	533
463	534
463	535
463	536
463	537
463	538
463	539
463	540
463	541
463	542
463	543
463	544
463	545
463	546
463	547
463	548
463	549
463	550
463	551
463	552
463	553
463	554
463	555
463	556
463	557
463	558
463	559
463	560
463	561
463	562
463	563
463	564
463	565
463	566
463	567
463	568
463	569
463	570
463	571
463	572
463	573
463	574
463	575
463	576
463	577
463	578
463	579
463	580
463	581
463	582
463	583
463	584
463	585
463	586
463	587
463	588
463	589
464	418
464	419
464	420
464	421
464	422
464	423
464	424
464	425
464	426
464	427
464	428
464	429
464	430
464	431
464	432
464	433
464	434
464	435
464	436
464	437
464	438
464	439
464	440
464	441
464	442
464	443
464	444
464	445
464	446
464	447
464	448
464	449
464	450
464	451
464	452
464	453
464	454
464	455
464	456
464	457
464	458
464	459
464	460
464	461
464	462
464	463
464	464
464	465
464	466
464	467
464	468
464	469
464	470
464	471
464	472
464	473
464	474
464	475
464	476
464	477
464	478
464	479
464	480
464	481
464	482
464	483
464	484
464	485
464	486
464	487
464	488
464	489
464	490
464	491
464	492
464	493
464	494
464	495
464	496
464	497
464	498
464	499
464	500
464	501
464	502
464	503
464	504
464	505
464	506
464	507
464	508
464	509
464	510
464	511
464	512
464	513
464	514
464	515
464	516
464	517
464	518
464	519
464	520
464	521
464	522
464	523
464	524
464	525
464	526
464	527
464	528
464	529
464	530
464	531
464	532
464	533
464	534
464	535
464	536
464	537
464	538
464	539
464	540
464	541
464	542
464	543
464	544
464	545
464	546
464	547
464	548
464	549
464	550
464	551
464	552
464	553
464	554
464	555
464	556
464	557
464	558
464	559
464	560
464	561
464	562
464	563
464	564
464	565
464	566
464	567
464	568
464	569
464	570
464	571
464	572
464	573
464	574
464	575
464	576
464	577
464	578
464	579
464	580
464	581
464	582
464	583
464	584
464	585
464	586
464	587
464	588
464	589
465	418
465	419
465	420
465	421
465	422
465	423
465	424
465	425
465	426
465	427
465	428
465	429
465	430
465	431
465	432
465	433
465	434
465	435
465	436
465	437
465	438
465	439
465	440
465	441
465	442
465	443
465	444
465	445
465	446
465	447
465	448
465	449
465	450
465	451
465	452
465	453
465	454
465	455
465	456
465	457
465	458
465	459
465	460
465	461
465	462
465	463
465	464
465	465
465	466
465	467
465	468
465	469
465	470
465	471
465	472
465	473
465	474
465	475
465	476
465	477
465	478
465	479
465	480
465	481
465	482
465	483
465	484
465	485
465	486
465	487
465	488
465	489
465	490
465	491
465	492
465	493
465	494
465	495
465	496
465	497
465	498
465	499
465	500
465	501
465	502
465	503
465	504
465	505
465	506
465	507
465	508
465	509
465	510
465	511
465	512
465	513
465	514
465	515
465	516
465	517
465	518
465	519
465	520
465	521
465	522
465	523
465	524
465	525
465	526
465	527
465	528
465	529
465	530
465	531
465	532
465	533
465	534
465	535
465	536
465	537
465	538
465	539
465	540
465	541
465	542
465	543
465	544
465	545
465	546
465	547
465	548
465	549
465	550
465	551
465	552
465	553
465	554
465	555
465	556
465	557
465	558
465	559
465	560
465	561
465	562
465	563
465	564
465	565
465	566
465	567
465	568
465	569
465	570
465	571
465	572
465	573
465	574
465	575
465	576
465	577
465	578
465	579
465	580
465	581
465	582
465	583
465	584
465	585
465	586
465	587
465	588
465	589
465	590
466	417
466	418
466	419
466	420
466	421
466	422
466	423
466	424
466	425
466	426
466	427
466	428
466	429
466	430
466	431
466	432
466	433
466	434
466	435
466	436
466	437
466	438
466	439
466	440
466	441
466	442
466	443
466	444
466	445
466	446
466	447
466	448
466	449
466	450
466	451
466	452
466	453
466	454
466	455
466	456
466	457
466	458
466	459
466	460
466	461
466	462
466	463
466	464
466	465
466	466
466	467
466	468
466	469
466	470
466	471
466	472
466	473
466	474
466	475
466	476
466	477
466	478
466	479
466	480
466	481
466	482
466	483
466	484
466	485
466	486
466	487
466	488
466	489
466	490
466	491
466	492
466	493
466	494
466	495
466	496
466	497
466	498
466	499
466	500
466	501
466	502
466	503
466	504
466	505
466	506
466	507
466	508
466	509
466	510
466	511
466	512
466	513
466	514
466	515
466	516
466	517
466	518
466	519
466	520
466	521
466	522
466	523
466	524
466	525
466	526
466	527
466	528
466	529
466	530
466	531
466	532
466	533
466	534
466	535
466	536
466	537
466	538
466	539
466	540
466	541
466	542
466	543
466	544
466	545
466	546
466	547
466	548
466	549
466	550
466	551
466	552
466	553
466	554
466	555
466	556
466	557
466	558
466	559
466	560
466	561
466	562
466	563
466	564
466	565
466	566
466	567
466	568
466	569
466	570
466	571
466	572
466	573
466	574
466	575
466	576
466	577
466	578
466	579
466	580
466	581
466	582
466	583
466	584
466	585
466	586
466	587
466	588
466	589
466	590
467	417
467	418
467	419
467	420
467	421
467	422
467	423
467	424
467	425
467	426
467	427
467	428
467	429
467	430
467	431
467	432
467	433
467	434
467	435
467	436
467	437
467	438
467	439
467	440
467	441
467	442
467	443
467	444
467	445
467	446
467	447
467	448
467	449
467	450
467	451
467	452
467	453
467	454
467	455
467	456
467	457
467	458
467	459
467	460
467	461
467	462
467	463
467	464
467	465
467	466
467	467
467	468
467	469
467	470
467	471
467	472
467	473
467	474
467	475
467	476
467	477
467	478
467	479
467	480
467	481
467	482
467	483
467	484
467	485
467	486
467	487
467	488
467	489
467	490
467	491
467	492
467	493
467	494
467	495
467	496
467	497
467	498
467	499
467	500
467	501
467	502
467	503
467	504
467	505
467	506
467	507
467	508
467	509
467	510
467	511
467	512
467	513
467	514
467	515
467	516
467	517
467	518
467	519
467	520
467	521
467	522
467	523
467	524
467	525
467	526
467	527
467	528
467	529
467	530
467	531
467	532
467	533
467	534
467	535
467	536
467	537
467	538
467	539
467	540
467	541
467	542
467	543
467	544
467	545
467	546
467	547
467	548
467	549
467	550
467	551
467	552
467	553
467	554
467	555
467	556
467	557
467	558
467	559
467	560
467	561
467	562
467	563
467	564
467	565
467	566
467	567
467	568
467	569
467	570
467	571
467	572
467	573
467	574
467	575
467	576
467	577
467	578
467	579
467	580
467	581
467	582
467	583
467	584
467	585
467	586
467	587
467	588
467	589
468	420
468	422
468	423
468	424
468	425
468	426
468	427
468	428
468	429
468	430
468	431
468	432
468	433
468	434
468	435
468	436
468	437
468	438
468	439
468	440
468	441
468	442
468	443
468	444
468	445
468	446
468	447
468	448
468	449
468	450
468	451
468	452
468	453
468	454
468	455
468	456
468	457
468	458
468	459
468	460
468	461
468	462
468	463
468	464
468	465
468	466
468	467
468	468
468	469
468	470
468	471
468	472
468	473
468	474
468	475
468	476
468	477
468	478
468	479
468	480
468	481
468	482
468	483
468	484
468	485
468	486
468	487
468	488
468	489
468	490
468	491
468	492
468	493
468	494
468	495
468	496
468	497
468	498
468	499
468	500
468	501
468	502
468	503
468	504
468	505
468	506
468	507
468	508
468	509
468	510
468	511
468	512
468	513
468	514
468	515
468	516
468	517
468	518
468	519
468	520
468	521
468	522
468	523
468	524
468	525
468	526
468	527
468	528
468	529
468	530
468	531
468	532
468	533
468	534
468	535
468	536
468	537
468	538
468	539
468	540
468	541
468	542
468	543
468	544
468	545
468	546
468	547
468	548
468	549
468	550
468	551
468	552
468	553
468	554
468	555
468	556
468	557
468	558
468	559
468	560
468	561
468	562
468	563
468	564
468	565
468	566
468	567
468	568
468	569
468	570
468	571
468	572
468	573
468	574
468	575
468	576
468	577
468	578
468	579
468	580
468	581
468	582
468	583
468	584
468	585
468	586
468	587
468	588
468	589
469	421
469	422
469	423
469	424
469	425
469	426
469	427
469	428
469	429
469	430
469	431
469	432
469	433
469	434
469	435
469	436
469	437
469	438
469	439
469	440
469	441
469	442
469	443
469	444
469	445
469	446
469	447
469	448
469	449
469	450
469	451
469	452
469	453
469	454
469	455
469	456
469	457
469	458
469	459
469	460
469	461
469	462
469	463
469	464
469	465
469	466
469	467
469	468
469	469
469	470
469	471
469	472
469	473
469	474
469	475
469	476
469	477
469	478
469	479
469	480
469	481
469	482
469	483
469	484
469	485
469	486
469	487
469	488
469	489
469	490
469	491
469	492
469	493
469	494
469	495
469	496
469	497
469	498
469	499
469	500
469	501
469	502
469	503
469	504
469	505
469	506
469	507
469	508
469	509
469	510
469	511
469	512
469	513
469	514
469	515
469	516
469	517
469	518
469	519
469	520
469	521
469	522
469	523
469	524
469	525
469	526
469	527
469	528
469	529
469	530
469	531
469	532
469	533
469	534
469	535
469	536
469	537
469	538
469	539
469	540
469	541
469	542
469	543
469	544
469	545
469	546
469	547
469	548
469	549
469	550
469	551
469	552
469	553
469	554
469	555
469	556
469	557
469	558
469	559
469	560
469	561
469	562
469	563
469	564
469	565
469	566
469	567
469	568
469	569
469	570
469	571
469	572
469	573
469	574
469	575
469	576
469	577
469	578
469	579
469	580
469	581
469	582
469	583
469	584
469	585
469	586
469	587
469	588
470	420
470	421
470	422
470	423
470	425
470	426
470	427
470	428
470	429
470	430
470	431
470	432
470	433
470	434
470	435
470	436
470	437
470	438
470	439
470	440
470	441
470	442
470	443
470	444
470	445
470	446
470	447
470	448
470	449
470	450
470	451
470	452
470	453
470	454
470	455
470	456
470	457
470	458
470	459
470	460
470	461
470	462
470	463
470	464
470	465
470	466
470	467
470	468
470	469
470	470
470	471
470	472
470	473
470	474
470	475
470	476
470	477
470	478
470	479
470	480
470	481
470	482
470	483
470	484
470	485
470	486
470	487
470	488
470	489
470	490
470	491
470	492
470	493
470	494
470	495
470	496
470	497
470	498
470	499
470	500
470	501
470	502
470	503
470	504
470	505
470	506
470	507
470	508
470	509
470	510
470	511
470	512
470	513
470	514
470	515
470	516
470	517
470	518
470	519
470	520
470	521
470	522
470	523
470	524
470	525
470	526
470	527
470	528
470	529
470	530
470	531
470	532
470	533
470	534
470	535
470	536
470	537
470	538
470	539
470	540
470	541
470	542
470	543
470	544
470	545
470	546
470	547
470	548
470	549
470	550
470	551
470	552
470	553
470	554
470	555
470	556
470	557
470	558
470	559
470	560
470	561
470	562
470	563
470	564
470	565
470	566
470	567
470	568
470	569
470	570
470	571
470	572
470	573
470	574
470	575
470	576
470	577
470	578
470	579
470	581
470	583
470	584
470	585
470	587
471	421
471	428
471	430
471	432
471	433
471	434
471	435
471	436
471	437
471	438
471	439
471	440
471	441
471	442
471	443
471	444
471	445
471	446
471	447
471	448
471	449
471	450
471	451
471	452
471	453
471	454
471	455
471	456
471	457
471	458
471	459
471	460
471	461
471	462
471	463
471	464
471	465
471	466
471	467
471	468
471	469
471	470
471	471
471	472
471	473
471	474
471	475
471	476
471	477
471	478
471	479
471	480
471	481
471	482
471	483
471	484
471	485
471	486
471	487
471	488
471	489
471	490
471	491
471	492
471	493
471	494
471	495
471	496
471	497
471	498
471	499
471	500
471	501
471	502
471	503
471	504
471	505
471	506
471	507
471	508
471	509
471	510
471	511
471	512
471	513
471	514
471	515
471	516
471	517
471	518
471	519
471	520
471	521
471	522
471	523
471	524
471	525
471	526
471	527
471	528
471	529
471	530
471	531
471	532
471	533
471	534
471	535
471	536
471	537
471	538
471	539
471	540
471	541
471	542
471	543
471	544
471	545
471	546
471	547
471	548
471	549
471	550
471	551
471	552
471	553
471	554
471	555
471	556
471	557
471	558
471	559
471	560
471	561
471	562
471	563
471	564
471	565
471	566
471	567
471	568
471	569
471	570
471	571
471	574
471	575
471	576
471	577
471	579
472	437
472	438
472	439
472	440
472	441
472	442
472	443
472	444
472	445
472	446
472	447
472	448
472	449
472	450
472	451
472	452
472	453
472	454
472	455
472	456
472	457
472	458
472	459
472	460
472	461
472	462
472	463
472	464
472	465
472	466
472	467
472	468
472	469
472	470
472	471
472	472
472	473
472	474
472	475
472	476
472	477
472	478
472	479
472	480
472	481
472	482
472	483
472	484
472	485
472	486
472	487
472	488
472	489
472	490
472	491
472	492
472	493
472	494
472	495
472	496
472	497
472	498
472	499
472	500
472	501
472	502
472	503
472	504
472	505
472	506
472	507
472	508
472	509
472	510
472	511
472	512
472	513
472	514
472	515
472	516
472	517
472	518
472	519
472	520
472	521
472	522
472	523
472	524
472	525
472	526
472	527
472	528
472	529
472	530
472	531
472	532
472	533
472	534
472	535
472	536
472	537
472	538
472	539
472	540
472	541
472	542
472	543
472	544
472	545
472	546
472	547
472	548
472	549
472	550
472	551
472	552
472	553
472	554
472	555
472	556
472	557
472	558
472	559
472	560
472	561
472	562
472	563
472	564
472	565
472	566
472	567
472	568
473	437
473	438
473	439
473	440
473	441
473	442
473	443
473	444
473	445
473	446
473	447
473	448
473	449
473	450
473	451
473	452
473	453
473	454
473	455
473	456
473	457
473	458
473	459
473	460
473	461
473	462
473	463
473	464
473	465
473	466
473	467
473	468
473	469
473	470
473	471
473	472
473	473
473	474
473	475
473	476
473	477
473	478
473	479
473	480
473	481
473	482
473	483
473	484
473	485
473	486
473	487
473	488
473	489
473	490
473	491
473	492
473	493
473	494
473	495
473	496
473	497
473	498
473	499
473	500
473	501
473	502
473	503
473	504
473	505
473	506
473	507
473	508
473	509
473	510
473	511
473	512
473	513
473	514
473	515
473	516
473	517
473	518
473	519
473	520
473	521
473	522
473	523
473	524
473	525
473	526
473	527
473	528
473	529
473	530
473	531
473	532
473	533
473	534
473	535
473	536
473	537
473	538
473	539
473	540
473	541
473	542
473	543
473	544
473	545
473	546
473	547
473	548
473	549
473	550
473	551
473	552
473	553
473	554
473	555
473	556
473	557
473	558
473	559
473	560
473	561
473	562
473	563
473	564
473	565
473	566
473	567
473	568
474	438
474	440
474	441
474	442
474	443
474	444
474	445
474	446
474	447
474	448
474	449
474	450
474	451
474	452
474	453
474	454
474	455
474	456
474	457
474	458
474	459
474	460
474	461
474	462
474	463
474	464
474	465
474	466
474	467
474	468
474	469
474	470
474	471
474	472
474	473
474	474
474	475
474	476
474	477
474	478
474	479
474	480
474	481
474	482
474	483
474	484
474	485
474	486
474	487
474	488
474	489
474	490
474	491
474	492
474	493
474	494
474	495
474	496
474	497
474	498
474	499
474	500
474	501
474	502
474	503
474	504
474	505
474	506
474	507
474	508
474	509
474	510
474	511
474	512
474	513
474	514
474	515
474	516
474	517
474	518
474	519
474	520
474	521
474	522
474	523
474	524
474	525
474	526
474	527
474	528
474	529
474	530
474	531
474	532
474	533
474	534
474	535
474	536
474	537
474	538
474	539
474	540
474	541
474	542
474	543
474	544
474	545
474	546
474	547
474	548
474	549
474	550
474	551
474	552
474	553
474	554
474	555
474	556
474	557
474	558
474	559
474	560
474	561
474	562
474	563
474	564
474	565
474	566
474	567
475	441
475	442
475	443
475	444
475	445
475	446
475	447
475	448
475	449
475	450
475	451
475	452
475	453
475	454
475	455
475	456
475	457
475	458
475	459
475	460
475	461
475	462
475	463
475	464
475	465
475	466
475	467
475	468
475	469
475	470
475	471
475	472
475	473
475	474
475	475
475	476
475	477
475	478
475	479
475	480
475	481
475	482
475	483
475	484
475	485
475	486
475	487
475	488
475	489
475	490
475	491
475	492
475	493
475	494
475	495
475	496
475	497
475	498
475	499
475	500
475	501
475	502
475	503
475	504
475	505
475	506
475	507
475	508
475	509
475	510
475	511
475	512
475	513
475	514
475	515
475	516
475	517
475	518
475	519
475	520
475	521
475	522
475	523
475	524
475	525
475	526
475	527
475	528
475	529
475	530
475	531
475	532
475	533
475	534
475	535
475	536
475	537
475	538
475	539
475	540
475	541
475	542
475	543
475	544
475	545
475	546
475	547
475	548
475	549
475	550
475	551
475	552
475	553
475	554
475	555
475	556
475	557
475	558
475	559
475	560
475	561
475	562
475	563
475	564
475	565
475	566
475	567
476	440
476	441
476	442
476	443
476	444
476	445
476	446
476	447
476	448
476	449
476	450
476	451
476	452
476	453
476	454
476	455
476	456
476	457
476	458
476	459
476	460
476	461
476	462
476	463
476	464
476	465
476	466
476	467
476	468
476	469
476	470
476	471
476	472
476	473
476	474
476	475
476	476
476	477
476	478
476	479
476	480
476	481
476	482
476	483
476	484
476	485
476	486
476	487
476	488
476	489
476	490
476	491
476	492
476	493
476	494
476	495
476	496
476	497
476	498
476	499
476	500
476	501
476	502
476	503
476	504
476	505
476	506
476	507
476	508
476	509
476	510
476	511
476	512
476	513
476	514
476	515
476	516
476	517
476	518
476	519
476	520
476	521
476	522
476	523
476	524
476	525
476	526
476	527
476	528
476	529
476	530
476	531
476	532
476	533
476	534
476	535
476	536
476	537
476	538
476	539
476	540
476	541
476	542
476	543
476	544
476	545
476	546
476	547
476	548
476	549
476	550
476	551
476	552
476	553
476	554
476	555
476	556
476	557
476	558
476	559
476	560
476	561
476	562
476	563
476	564
476	565
477	442
477	443
477	444
477	445
477	446
477	447
477	448
477	449
477	450
477	451
477	452
477	453
477	454
477	455
477	456
477	457
477	458
477	459
477	460
477	461
477	462
477	463
477	464
477	465
477	466
477	467
477	468
477	469
477	470
477	471
477	472
477	473
477	474
477	475
477	476
477	477
477	478
477	479
477	480
477	481
477	482
477	483
477	484
477	485
477	486
477	487
477	488
477	489
477	490
477	491
477	492
477	493
477	494
477	495
477	496
477	497
477	498
477	499
477	500
477	501
477	502
477	503
477	504
477	505
477	506
477	507
477	508
477	509
477	510
477	511
477	512
477	513
477	514
477	515
477	516
477	517
477	518
477	519
477	520
477	521
477	522
477	523
477	524
477	525
477	526
477	527
477	528
477	529
477	530
477	531
477	532
477	533
477	534
477	535
477	536
477	537
477	538
477	539
477	540
477	541
477	542
477	543
477	544
477	545
477	546
477	547
477	548
477	549
477	550
477	551
477	552
477	553
477	554
477	555
477	556
477	557
477	558
477	559
477	560
477	561
477	562
477	563
477	564
477	565
478	444
478	445
478	446
478	447
478	448
478	449
478	450
478	451
478	452
478	453
478	454
478	455
478	456
478	457
478	458
478	459
478	460
478	461
478	462
478	463
478	464
478	465
478	466
478	467
478	468
478	469
478	470
478	471
478	472
478	473
478	474
478	475
478	476
478	477
478	478
478	479
478	480
478	481
478	482
478	483
478	484
478	485
478	486
478	487
478	488
478	489
478	490
478	491
478	492
478	493
478	494
478	495
478	496
478	497
478	498
478	499
478	500
478	501
478	502
478	503
478	504
478	505
478	506
478	507
478	508
478	509
478	510
478	511
478	512
478	513
478	514
478	515
478	516
478	517
478	518
478	519
478	520
478	521
478	522
478	523
478	524
478	525
478	526
478	527
478	528
478	529
478	530
478	531
478	532
478	533
478	534
478	535
478	536
478	537
478	538
478	539
478	540
478	541
478	542
478	543
478	544
478	545
478	546
478	547
478	548
478	549
478	550
478	551
478	552
478	553
478	554
478	555
478	556
478	557
478	558
478	559
478	560
478	561
478	563
479	444
479	445
479	446
479	447
479	448
479	449
479	450
479	451
479	452
479	453
479	454
479	455
479	456
479	457
479	458
479	459
479	460
479	461
479	462
479	463
479	464
479	465
479	466
479	467
479	468
479	469
479	470
479	471
479	472
479	473
479	474
479	475
479	476
479	477
479	478
479	479
479	480
479	481
479	482
479	483
479	484
479	485
479	486
479	487
479	488
479	489
479	490
479	491
479	492
479	493
479	494
479	495
479	496
479	497
479	498
479	499
479	500
479	501
479	502
479	503
479	504
479	505
479	506
479	507
479	508
479	509
479	510
479	511
479	512
479	513
479	514
479	515
479	516
479	517
479	518
479	519
479	520
479	521
479	522
479	523
479	524
479	525
479	526
479	527
479	528
479	529
479	530
479	531
479	532
479	533
479	534
479	535
479	536
479	537
479	538
479	539
479	540
479	541
479	542
479	543
479	544
479	545
479	546
479	547
479	548
479	549
479	550
479	551
479	552
479	553
479	554
479	555
479	556
479	557
479	558
479	560
479	563
480	442
480	443
480	444
480	445
480	446
480	447
480	448
480	449
480	450
480	451
480	452
480	453
480	454
480	455
480	456
480	457
480	458
480	459
480	460
480	461
480	462
480	463
480	464
480	465
480	466
480	467
480	468
480	469
480	470
480	471
480	472
480	473
480	474
480	475
480	476
480	477
480	478
480	479
480	480
480	481
480	482
480	483
480	484
480	485
480	486
480	487
480	488
480	489
480	490
480	491
480	492
480	493
480	494
480	495
480	496
480	497
480	498
480	499
480	500
480	501
480	502
480	503
480	504
480	505
480	506
480	507
480	508
480	509
480	510
480	511
480	512
480	513
480	514
480	515
480	516
480	517
480	518
480	519
480	520
480	521
480	522
480	523
480	524
480	525
480	526
480	527
480	528
480	529
480	530
480	531
480	532
480	533
480	534
480	535
480	536
480	537
480	538
480	539
480	540
480	541
480	542
480	543
480	544
480	545
480	546
480	547
480	548
480	549
480	550
480	551
480	552
480	553
480	554
480	555
480	557
481	444
481	445
481	446
481	447
481	448
481	449
481	450
481	451
481	452
481	453
481	454
481	455
481	456
481	457
481	458
481	459
481	460
481	461
481	462
481	463
481	464
481	465
481	466
481	467
481	468
481	469
481	470
481	471
481	472
481	473
481	474
481	475
481	476
481	477
481	478
481	479
481	480
481	481
481	482
481	483
481	484
481	485
481	486
481	487
481	488
481	489
481	490
481	491
481	492
481	493
481	494
481	495
481	496
481	497
481	498
481	499
481	500
481	501
481	502
481	503
481	504
481	505
481	506
481	507
481	508
481	509
481	510
481	511
481	512
481	513
481	514
481	515
481	516
481	517
481	518
481	519
481	520
481	521
481	522
481	523
481	524
481	525
481	526
481	527
481	528
481	529
481	530
481	531
481	532
481	533
481	534
481	535
481	536
481	537
481	538
481	539
481	540
481	541
481	542
481	543
481	544
481	545
481	546
481	547
481	548
481	549
481	550
481	551
481	552
481	554
482	451
482	452
482	453
482	455
482	456
482	457
482	458
482	459
482	460
482	461
482	462
482	463
482	464
482	465
482	466
482	467
482	468
482	469
482	470
482	471
482	472
482	473
482	474
482	475
482	476
482	477
482	478
482	479
482	480
482	481
482	482
482	483
482	484
482	485
482	486
482	487
482	488
482	489
482	490
482	491
482	492
482	493
482	494
482	495
482	496
482	497
482	498
482	499
482	500
482	501
482	502
482	503
482	504
482	505
482	506
482	507
482	508
482	509
482	510
482	511
482	512
482	513
482	514
482	515
482	516
482	517
482	518
482	519
482	520
482	521
482	522
482	523
482	524
482	525
482	526
482	527
482	528
482	529
482	530
482	531
482	532
482	533
482	534
482	535
482	536
482	537
482	538
482	539
482	540
482	541
482	542
482	543
482	544
482	545
483	458
483	462
483	463
483	464
483	465
483	466
483	467
483	468
483	469
483	470
483	471
483	472
483	473
483	474
483	475
483	476
483	477
483	478
483	479
483	480
483	481
483	482
483	483
483	484
483	485
483	486
483	487
483	488
483	489
483	490
483	491
483	492
483	493
483	494
483	495
483	496
483	497
483	498
483	499
483	500
483	501
483	502
483	503
483	504
483	505
483	506
483	507
483	508
483	509
483	510
483	511
483	512
483	513
483	514
483	515
483	516
483	517
483	518
483	519
483	520
483	521
483	522
483	523
483	524
483	525
483	526
483	527
483	528
483	529
483	530
483	531
483	532
483	533
483	534
483	535
483	536
483	540
484	466
484	467
484	468
484	469
484	470
484	471
484	472
484	473
484	474
484	475
484	476
484	477
484	478
484	479
484	480
484	481
484	482
484	483
484	484
484	485
484	486
484	487
484	488
484	489
484	490
484	491
484	492
484	493
484	494
484	495
484	496
484	497
484	498
484	499
484	500
484	501
484	502
484	503
484	504
484	505
484	506
484	507
484	508
484	509
484	510
484	511
484	512
484	513
484	514
484	515
484	516
484	517
484	518
484	519
484	520
484	521
484	522
484	523
484	524
484	525
484	526
484	527
484	528
484	529
484	530
484	531
484	535
485	466
485	467
485	468
485	469
485	470
485	471
485	472
485	473
485	474
485	475
485	476
485	477
485	478
485	479
485	480
485	481
485	482
485	483
485	484
485	485
485	486
485	487
485	488
485	489
485	490
485	491
485	492
485	493
485	494
485	495
485	496
485	497
485	498
485	499
485	500
485	501
485	502
485	503
485	504
485	505
485	506
485	507
485	508
485	509
485	510
485	511
485	512
485	513
485	514
485	515
485	516
485	517
485	518
485	519
485	520
485	521
485	522
485	523
485	524
485	525
485	526
485	527
485	528
485	529
485	530
486	470
486	472
486	473
486	474
486	475
486	476
486	477
486	478
486	479
486	480
486	481
486	482
486	483
486	484
486	485
486	486
486	487
486	488
486	489
486	490
486	491
486	492
486	493
486	494
486	495
486	496
486	497
486	498
486	499
486	500
486	501
486	502
486	503
486	504
486	505
486	506
486	507
486	508
486	509
486	510
486	511
486	512
486	513
486	514
486	515
486	516
486	517
486	518
486	519
486	520
486	521
486	522
486	523
486	524
486	525
486	526
486	527
486	528
486	529
487	472
487	473
487	474
487	475
487	477
487	478
487	479
487	480
487	481
487	482
487	483
487	484
487	485
487	486
487	487
487	488
487	489
487	490
487	491
487	492
487	493
487	494
487	495
487	496
487	497
487	498
487	499
487	500
487	501
487	502
487	503
487	504
487	505
487	506
487	507
487	508
487	509
487	510
487	511
487	512
487	513
487	514
487	515
487	516
487	518
487	519
487	520
487	521
487	522
488	477
488	481
488	482
488	483
488	484
488	485
488	486
488	487
488	488
488	489
488	490
488	491
488	492
488	493
488	494
488	495
488	496
488	497
488	498
488	499
488	500
488	501
488	502
488	503
488	504
488	505
488	506
488	507
488	508
488	509
488	510
488	511
488	512
488	513
488	515
488	519
489	481
489	483
489	484
489	485
489	486
489	487
489	488
489	489
489	490
489	491
489	492
489	493
489	494
489	495
489	496
489	497
489	498
489	499
489	500
489	501
489	502
489	503
489	504
489	505
489	506
489	507
489	508
489	509
489	510
489	511
489	512
489	513
489	514
490	483
490	484
490	485
490	486
490	487
490	488
490	489
490	490
490	491
490	492
490	493
490	494
490	495
490	496
490	497
490	498
490	499
490	500
490	501
490	502
490	503
490	504
490	505
490	506
490	507
490	508
490	509
490	510
490	511
490	512
490	513
491	483
491	485
491	486
491	487
491	488
491	489
491	490
491	491
491	492
491	493
491	494
491	495
491	496
491	497
491	498
491	499
491	500
491	501
491	502
491	503
491	504
491	505
491	506
491	507
491	508
491	509
491	510
491	511
491	512
491	513
492	485
492	486
492	487
492	488
492	489
492	490
492	491
492	492
492	493
492	494
492	495
492	496
492	497
492	498
492	499
492	500
492	501
492	502
492	503
492	504
492	505
492	506
492	507
492	508
492	509
492	510
492	511
492	512
492	513
493	484
493	485
493	486
493	487
493	488
493	489
493	490
493	491
493	492
493	493
493	494
493	495
493	496
493	497
493	498
493	499
493	500
493	501
493	502
493	503
493	504
493	505
493	506
493	507
493	508
493	509
493	510
493	511
494	486
494	487
494	488
494	489
494	490
494	491
494	492
494	493
494	494
494	495
494	496
494	497
494	498
494	499
494	500
494	501
494	502
494	503
494	504
494	505
494	506
494	507
494	508
494	509
494	510
494	511
494	512
494	513
495	487
495	488
495	489
495	490
495	491
495	492
495	493
495	494
495	495
495	496
495	497
495	498
495	499
495	500
495	501
495	502
495	503
495	504
495	505
495	506
495	507
495	508
495	509
495	510
495	511
496	488
496	489
496	490
496	491
496	492
496	493
496	494
496	495
496	496
496	497
496	498
496	499
496	500
496	501
496	502
496	503
496	504
496	505
496	506
497	490
497	491
497	492
497	493
497	494
497	495
497	496
497	497
497	498
497	499
497	500
497	501
497	502
497	503
497	504
497	505
497	506
498	490
498	491
498	492
498	493
498	494
498	495
498	496
498	497
498	498
498	499
498	500
498	501
498	502
498	503
498	504
498	505
498	506
499	490
499	491
499	492
499	493
499	494
499	495
499	496
499	497
499	498
499	499
499	500
499	501
499	502
499	503
499	504
500	491
500	494
500	495
500	496
500	497
500	498
500	499
500	500
500	501
500	502
500	503
500	504
501	495
501	496
501	497
501	498
501	499
501	500
501	501
501	502
501	503
502	496
502	497
502	498
502	499
502	500
502	501
502	502
503	497
503	498
503	499
503	500
503	501
